1148165259434139648
1148165253822152734
1148165253994123304
1148165252161212466
1148165262571491379
1148165262898634814
1148165254015111178
1148165261552271380
1148165258414932031
1148165254912679936
1148165259996188712
1148165257005641799
1148165252479975474
1148165252194770986
1148165251829858304
1148164905208401970
1148165257651556352
1148165257357951058
1148165252911992832
1148165261501927454
1148165258767245332
1148165260755349545
1148165251808899104
1148165256431022161
1148165255118209064
1148165254992363540
1148165261460000879
1148165261199945788
1148165253578895370
1148165255525060740
1148165261346734100
1148165262034599987
1148165260092657704
1148165256095481916
1148165258272317611
1148165257412485223
1148165254925275206
1148165260130398299
1148165254317092864
1148165262227546163
1148165259199250483
1148165253465645066
1148165258523967509
1148165253411127317
1148165254627459122
1148165258402349108
1148165255772520459
1148165262609231932
1148165256028368967
1148165263116734474
1148165260876980256
1148165258712711218
1148165271819919391
1148165263246762066
1148165263141904497
1148165253411119134
1148165260684042240
1148165252526121052
1148165259606102088
1148165263833972827
1148165261615181916
1148165253855715348
1148165251972472843
1148165252308029490
1148165256347144252
1148165256267440139
1148165252412874792
1148165260671471640
1148165268674183259
1148165259601903616
1148165262357577818
1148165252517744661
1148165260969259018
1148165268732907600
1148165258310058104
1148165254681985054
1148165259287334992
1148165256875622420
1148165260587585566
1148165259127947335
1148165259262181427
1148165257555099759
1148165269013938176
1148165256804323433
1148165252081528885
1148165263720726548
1148165253713104927
1148165260780511243
1148165260080066611
1148165259576754257
1148165257307627562
1148165252157034507
1148165262240137336
1148165252396109844
1148165252207366184
1148165260923129919
1148165257760612402
1148165252177985597
1148165255650873356
1148165252261883975
1148165259765489824
1148165257773203497
1148165261195743263
1148165260897960067
1148165258213605420
1148165252157018162
1148165257190191124
1148165259249598514
1148165259341865012
1148165263288717394
1148165262814740561
1148165266363142174
1148165263464861696
1148165262303047741
1148165262294663259
1148165261204127775
1148165257571864606
1148165255562805309
1148165252370935838
1148165253025247303
1148165251729207306
1148165257433448508
1148165262701498438
1148165263053815828
1148165257060159548
1148165257987117167
1148165253994119249
1148165253922836480
1148165260356882462
1148165255738966106
1148165254157709353
1148165252924579870
1148165260189122571
1148165253998325770
1148165260361076746
1148165256309383258
1148165256745582654
1148165255722180609
1148165253943787530
1148165253889282050
1148165260235247687
1148165252467413022
1148165256317775934
1148165251951501352
1148165260633706547
1148165262210781225
1148165261267054663
1148165255965450300
1148165257534111804
1148165260168134706
1148165262164623410
1148165254157709372
1148165253859921920
1148165259610300466
1148165255848022046
1148165256997261342
1148165252173791313
1148165261623574578
1148165268758081587
1148165262022037575
1148165259283157032
1148165252257677424
1148165255004966942
1148165257815146539
1148165261015392356
1148165262718275625
1148165253952196790
1148165254476480522
1148165261527097405
1148165259924865115
1148165266652545144
1148165253713109032
1148165261166379029
1148165262265286656
1148165266337964062
1148165266585419906
1148165252530311218
1148165259257978880
1148165252559667291
1148165259706777670
1148165258125508608
1148165259773878334
1148165261116051497
1148165261942325298
1148165258293285015
1148165256569438340
1148165256514912287
1148165257152446485
1148165260226859148
1148165255051092008
1148165258683367444
1148165256691064892
1148165258289090660
1148165254136725564
1148165265398448168
1148165259392196618
1148165252454821949
1148165252278665227
1148165260918935672
1148165260814061568
1148165254665207850
