844288532809777153
844256658364432444
844236455869153310
844339979177951232
844413140920827955
844336441060622377
844291366800195645
843916771797893171
844034372079714305
844248744165376043
844370857202679899
844019911725678602
844040058956939274
844348793520128051
713251221707817000
800402468491362324
856739913436364860
698933657142034453
806217293901725729
724180477589585933
770854694192939028
750153642736353281
330818653933142017
613394766092304399
775180045564117052
313056816777003008
743340356766269500
800240119759896580
745635026577916022
835440208836952085
793733476104273950
672811400875212820
721867465977626634
623645211754758144
725263535701098526
692359850604101732
790384274989514794
734059845673680957
725237830279757854
657730051202351106
476698428907454464
744217991859666986
815674674314215484
478983612927311883
662816091265040450
763804603988443136
703235316332625950
701585584367599646
698293632494731354
522191458414100493
661335219445563395
759157787900117014
705445935941156886
706532415128207450
765451391325700136
307359126441295881
800754901130412053
759886857374269461
752602316871303220
770425237161377822
738948095777308813
783020580101161000
267593966428487681
614868724591099915
598238110425284608
702762368911933440
716055395931783250
818296264432549909
264102350245986304
731974190852210791
605438369174126642
750538135154327655
802008493388857394
710724023004430347
707894397085155399
457205057507688459
705999664176168983
613617308677701701
739378225997938758
680830607722283088
710819497543467109
701384397081018429
764117216361840661
746057041780539539
744627467796480081
306061614904246283
414142626325856262
784586442369400874
676217552577495041
745717256696234085
784778977642414080
706184598580756591
701131851724619876
709298960053043200
548334457644515339
733381412631216282
793944654348550156
787805255424671784
795002591100403754
341354741176991756
711390091095834685
735891598247723053
828932621437763595
521041865999515650
629422925610483723
699396955666644993
819180724728496129
531128723014025239
745633445421514776
726426589734109256
797314318022213692
554078124548292618
706501956767711232
706455539273433159
710637407564988426
572840507529494529
813048113035476992
758806435571826799
630827608971542569
727049345844903948
804200521107898408
458276816071950337
809882958633893948
724144352816791553
504623721915351040
746028398132068394
746079760601579554
800234798764654621
823181722718830633
747957933043875840
471459915618058240
759455085326630963
612081722108149771
699455071179505684
779793597436264448
708737790027759646
686402726107807874
745708850056790086
823925961712074793
706219943754203226
718411323477721150
468587849663643648
510449588868481024
702991185219813488
706496780019302431
760556668311306260
823261159439597598
758090223925198929
804027191431397416
795321925740134451
518437021031858207
701100117159051335
341543400819916801
727217928231059478
709796464078880880
836105723174846465
611297805239058435
678294186910416944
729112649538863173
719740783787245638
707316708355866625
351403370684088338
706533279674925186
834421462626467892
747414513439080549
746155120382836767
804024497161240586
766951938784755742
835398679472111627
696710116531241040
732284487521665115
337489340643147777
801095949786415104
822925304611471400
569017798018334740
745635485967450213
731983447438131301
700378099891699773
764216702271357000
671057158716129280
656632181271167018
750718612905525258
746198402412576912
703265851968585809
832019493798674493
811812602085638225
653345161165930563
714312400882630676
524659340875923458
738096059338719242
456088384851673109
824504560402825217
586335817480536075
711847283934887948
739494258175770725
363408002432237588
359943632347725826
477194739196755980
803448307003031553
782952345495011339
750177037955629166
678187009231290388
757439668408156241
402222239996575744
618453491937181712
492380011869765663
738375452833611836
240567939319726092
746044468326695058
728122628098883595
706533895734165534
798802413653983263
718525044162035802
613154094378385437
631120993854816286
708505802822123535
744168971938562078
642886014221680641
391427401755656196
716164072655290398
709458897987043379
777400420288036914
616778204795109396
676118621503750215
608159874995453992
688752640573833312
529756818658951178
681532327792476160
713789130428907541
292510266191511552
670809104352018452
791360312548130857
636946675759448104
730099172560339026
660863920600514591
720575118631239720
473919189153873922
595619731621543939
769602151202684958
739462888032305222
703262268875604058
743200313367986318
424922459209465856
743516701408100412
404720277562589184
703276526568865913
738793664146309211
556470206332010496
444910657549238285
700009808425910354
705044110716698645
732772120056168468
701486708620918804
706937801429745716
234395307759108106
726034917665931334
737232771071737858
728306398919917628
688717433694978095
701128860850323538
793126821712494617
827638850864152626
738007528356577291
714844426261889029
759552929908260884
351403211934138389
804024110907785257
763287269754273802
760645324779552778
715973364509966436
737368409448251495
597266547899367456
816483327711117332
722517805966164027
558974580212105216
706500910842380389
599529931734515732
688371201613365279
759071465512763402
735326841971277925
493526049859305486
706507179238359110
753728426208133200
728592386317615156
812716704870301747
788936671307235341
778933877816819743
660906785854586972
816677086500093973
698150754862759946
691078483312640081
767588707041017917
791722259210436688
610638004893253673
453897785129959425
818846120368537650
567505054777737216
803035899130413087
570590753743699979
792433597352116244
582923427828989972
420994987304419343
790647142376013854
792361088305987594
745897619053871159
738831182871003166
728720667993833542
302998360774672384
701137388222808226
749528454331891804
702186826760454294
787667530004692994
741304364349784146
774050281511977020
707389721302663271
511027242755686401
821790330072203305
698145727188041728
751373835198136370
737797633573257278
788332668714614785
559914709705293834
547124742566707200
759819931394637834
803418141064822796
756244230124601404
747299729548902413
751523482784891010
697587548050030652
591732238937489430
771116933356453910
674304456338309120
730952852834353212
782644307207127061
503405571425304606
818018003278102568
724241716634189836
785672109744717874
745953348884103208
642808294653689876
793397487699755008
691527593509257216
740624608901726360
710025028259020865
461051497199697921
204255221017214977
790523618165653534
551305458397347903
597544950464249875
655799458860367882
545026035641614349
548696783107391489
745730915581427825
828969245957947392
819661527212490802
676642187399659520
803039759815409675
749898604533121074
796118261975613501
769350362720239616
430626069763325972
609300099494969345
700372055023157380
820369363554140190
684596852787511301
701133201925603460
825104271333785641
762730775891673098
704999049773842482
807556172537790464
761404951578542100
730888903879557151
662999581910368296
469600883894779934
709862383073361931
660037778305712128
665577626643202048
514691007846285313
770472695020257322
483996507108933672
751066662241042482
717837338855604265
708355257931137024
683032051686965287
835552937749118977
364141241190973441
774329567002886194
587481850109493285
793297810786746448
828552963920232469
753650522023788616
542544498006425605
767861826817490966
706189515211145217
525110999364403211
458664112139010049
706208238533869658
806684493787561985
668196920786944006
829356899736223816
747957968297001150
794689282919890956
571722800071704607
742762663154548860
683060353034223649
714406539645157440
778308923312701471
825519434465804310
752625661981753364
759059397090476042
808580441689817088
632696259798499359
768091406030995486
715586875846295592
835608619473960991
789158501179850762
518404930474737674
430840875191631874
747187066797817968
159459322105954304
660025727407751179
765306889788981278
414434908665020427
490940690948423690
712287807561007156
659795682030518303
741488932708941876
828133000675721226
679313614716272672
769181441225130045
830370787457892362
798324847125200946
670486856047263746
755053080671682601
753419285707227237
710634969285787678
720675305789849601
746883480763498516
365101409814970381
699789631390089246
738110368949338143
707513453564395570
830834741812658206
729771006188847114
813142174727667762
830953971816071169
672401916470493184
740480861153132586
508076040984461322
748163330102788176
761632466028855326
694335092616724502
331410622183112705
768062406563725314
159985870458322944
832553469223239701
745833948999057490
705225933371473981
751406644969209907
741474246395691059
812383779187851314
745627937608302623
804023302444023818
757534563051241593
709876685020856431
743931911230980177
548658254104756225
737972876858097746
710073006101364756
828115220688797706
318126259605471234
747330268871786506
834464702738202635
754285103672459395
698140356813914153
566352545958592551
665883688717910018
759088805734645761
800523046917898290
815816219914797057
410782165081522176
725062257264033822
709089820336586762
623476030828445706
747198859033182239
569692961831649292
516785086667030550
746109309292773519
803047965215293460
713513163991023627
601910904367480843
562021687986487347
567803916117344293
786728190159618049
745643393568211095
749311341055049789
587804219919302676
706760003033366638
764812555213340692
812436935717027905
677601074311593994
545057171906494476
335777882448330754
712687086553006161
745915809871691816
732673402963230790
693980946764005418
720136263331479604
694635551994806332
598579354884112384
742524233904816229
414202325478146059
736143815596965978
319160388971134976
335853994704371713
660487028177371148
783694464946274335
652739074708471828
747908472435245146
750008698553892917
537640084573388800
812540161916928051
616913324067782667
752349065450094663
713740293232394271
461463238182174722
687586722082848826
194476256153042944
712553636605067326
822866593600110614
706499053072023563
745706684210479215
766263229097312278
616016251688583170
805538745632817173
364784227322953738
586070858251108362
761582453219262507
740056715109859399
784909575722762271
539861714720522240
570351192555782145
762417845715075112
746082609603411969
591696113682087989
690969026633007104
803802791746601001
782227470375714868
738793761995227316
727043144297742437
759266674020057098
733924359428636774
810843280576610346
683356359114096645
723561544050409503
823222462103158825
694675745074839634
687537978608058382
704037938966822993
437808476106784770
639137448344944640
453253988146479117
724613130616963154
706178120364851210
802183094836265000
530581900163547166
755123231496601711
705293461137653810
445204357932253185
606447943645659150
589359964439576577
608990511964880908
578230970310983720
790956973478641703
728158208144834560
803762877894623287
626421028721000467
752196256935444520
835505078579757117
793947587941892110
771974332686794753
752091116869779476
692825352396865576
757254849317437481
760352962848751616
805566228173029447
782593305438453800
727207861817442416
710292898993799169
820406190365343765
810650100824670259
835426759218429963
683344074023239701
763084996956913665
617025796384489628
629206631229685761
705827310141440012
514189500583510038
782656075459592193
744948957851025479
768889743332343848
760000829615767562
353504645642977290
499555739459780612
698601228711493714
727368950333308938
712523193067372565
747870943199756288
518140889592365059
745695187635929119
748207885174964258
702193003174953032
746466021606555820
713811791603302402
388795916347375627
743290813835902976
789868893032153088
754544976393797653
609170965620064256
716861576610840666
733907610192838727
727032966718554184
772542115245719573
716967712844414996
752202390244950077
418962151512997898
538199352569626644
803428550417973288
796398283219533824
649427323094958118
759270647112400916
835592484167483422
648255560931868675
743292723754303540
646378411731845120
831748273198202880
779269570782429204
735289307966865421
717416821296201838
712091881978462259
833381308863479829
485686699721097217
599510147693543425
683646909226680329
745705011308134430
740278666315038844
641318152688631829
733592014133919755
708611826576785411
762030732863733773
746966387951665172
753852419539992616
582284526521417728
686802320721313805
749066379155472466
746370675337330689
556513104150790156
764210176286130186
746080372487487518
528522060612239361
747350681580470283
754551617428127794
512398288633200663
641749237088124953
754112975089958912
817287567057354793
731297554108514396
826128639196266497
744643898185613413
705523384007524484
430103059893583884
381099921220173824
740442549658976268
633482768424370196
712107305726115842
671727412794359839
617217286230769664
738836462551957536
794501304265342996
827216364976210000
746122157981040669
816351223069409292
718185018375143484
743106696963948575
716122339682549780
508681419246272542
665591954381340683
454446193716494336
701389232685711480
757174638311899249
835493787463188500
753341063019888705
686304388721279124
573148783467298817
706052360853520465
761129885191503892
746054494676320368
816081778606997505
832667480949260288
720924460236144640
735358117444845590
737112848500785294
706452902188810270
769162295879794718
742310737531371520
831717628263268372
832627933716676617
620709511883259925
701575737068486707
673750885817647114
343178978204450816
528031885893566485
766520623002157088
738130048065994813
155149108183695360
805220260318937089
715751832106041425
801928979808256031
695285745447075911
711032399135375442
729738189161627670
743286263389618327
827451709398843412
754736103579451417
742877540225515601
765964029965238343
620737471180701715
746501751812653149
741239268873076757
602915149388709919
697122274066825246
762978587636138024
765342355649331252
715947159681499176
814799459631235134
757243221666562090
732458319339585567
399296324178280449
722735586280079410
830021645363838986
704636606098833448
306445450507190284
674210160230793217
698312055622467634
659978805187838012
794408621479559209
235148962103951360
742822453218246658
750427006763663410
738373579728748636
751919383252697108
706186177841201173
715471830101524520
580295798311354378
544721904657760272
829553043103154228
758703633524850710
718058690602860705
738593419835867217
707229777324408832
734635259894693949
252135442022006785
558898222416920578
746031678698291301
724977949886906534
803391430432129064
701127364385439795
425008515460104192
792269763027533844
677972230583353374
782586124807176212
755064050177671208
621204020580712478
749965468231663729
732811966032117862
771782015275237427
709764480388825088
502816375052566591
735618233859571803
793245357374046209
821828792720949319
705194081327775776
743744591647473844
253318749833265152
452846244813864972
835487252175257651
482910651476475929
713045504103022643
712317890568650812
745631084011585598
745265021314924598
708761209373065216
659144794467205163
719924148851310663
665636921577570316
704235259746844692
806785705615425566
707027999882608662
771769497353977897
572625233106698270
723227576050647200
733706446990213172
511647125566783489
340496026228097024
701131106748989501
533308558104854554
254666875626061824
720524822248947754
660067555012247572
709199597293011055
702940245007532092
743855695413116980
753234224567418881
686067698786107426
192008771386605568
689205765084545129
409141263603073044
808454433967964161
728505902335918111
574224124487139369
723755964016099429
757643236968890458
808391125161082891
804881520824549386
585189028421173408
537779784600780814
311905058092482570
386722925673316353
693910935240310905
725495107985604658
425826583950131200
737745974054617098
747670593054310472
735508150798778450
404772657691754507
555031559871266818
723840759819665469
727535704418025543
798327340476268576
647904666113277964
798128668554952705
745046621854760980
802121686295904277
695481747697303643
316295881907372032
764213508908253194
660437784082776064
408785106942164992
749301838859337799
811727857667145738
662073989606146049
812781535807537163
565820154215137280
655547219449085969
762438404741922817
828455692653297695
545588126106648576
405052832597671957
711988385048428544
745592043329290310
794788414197202944
699390562671001691
744335426025816177
710287921785339924
254567819876761600
705490613445066842
740758341810257950
736870420963393626
723216902394216461
798365834178199563
751607656405401600
726922184584331264
692273781959426081
813159377711530016
825189932930039818
835559345868898304
302050872383242240
616557760217219083
832484999009534042
712489634390868008
738662988814221392
806322530829729813
747819631514747070
619930089861152769
753161522326405130
781267060822507540
797394970339311636
763064321650851882
672293608036237382
539777697837219842
706083022226849804
763144745526099988
722860724396752896
599504432371073035
829875338553196641
761477106902237204