1115410349517189210
1148165423095885864
1148165423062319155
1148165422902951936
1148165422902943844
1148165422902939678
1148165422856798218
1148165422785495120
1148165422777122917
1148165422772916226
1148165422747762738
1148165422693236809
1148165422630322236
1148165422470926447
1148165422240243816
1148165422219276298
1148165422194098186
1148165422055690270
1148165422055686227
1148165422034731070
1148165422009552976
1148165422001164288
1148165421955039273
1148165421892108328
1148165421833400391
1148165421820817428
1148165421774671892
1148165421699182652
1148165421657243658
1148165421619490887
1148165421615296593
1148165421606907984
1148165421569163265
1148165421472686080
1148165421418164245
1148165421405577226
1148165421397192754
1148165421367828490
1148165421367820338
1148165421334282310
1148165421313314886
1148165421271355412
1148165421195874407
1148165421091004476
1148165421086818335
1148165421044879451
1148165421036470282
1148165420864503889
1148165420717719633
1148165420671570031
1148165420667392051
1148165420583489536
1148165420575113259
1148165420419928145
1148165419908210692
1148165419799154738
1148165419736240240
1148165419132268554
1148165419014819850
1148165418851250226
1148165418805100554
1148165418737995877
1148165418683486229
1148165418645717093
1148165418159186003
1148165418138214431
1148165417991409684
1148165417941094410
1148165417907531846
1148165417903333396
1148165417890762822
1148165417882366052
1148165417660055592
1148165417416798218
1148165417408397392
1148165417395826768
1148165417345499197
1148165417341308980
1148165417320333392
1148165416980590693
1148165416917667880
1148165416825393243
1148165416804433920
1148165416728940615
1148165415869104178
1148165415621627945
1148165415315439626
1148165415311249458
1148165415302877214
1148165415109931038
1148165415013457960
1148165414866649140
1148165414862463067
1148165414858272858
1148165414745014324
1148165414728249418
1148165414560485417
1148165414526922772
1148165414262685736
1148165414241718352
1148165414237524049
1148165414220742727
1148165414216544318
1148165414170398812
1148165414015213680
1148165413918744646
1148165413855825991
1148165413537071136
1148165413532872715
1148165413407051776
1148165413356711976
1148165413327355974
1148165413323153419
1148165413264425021
1148165413075685446
1148165412954062869
1148165412933074984
1148165412912111706
1148165412895334401
1148165412853391412
1148165412828221534
1148165412824031272
1148165412618506370
1148165412605931541
1148165412501073941
1148165412480098395
1148165412412989500
1148165412232638505
1148165412081643611
1148165412048093234
1148165412048093205
1148165411947429958
1148165411930656820
1148165411930640416
1148165411704143892
1148165411649630228
1148165411465076766
1148165411427323904
1148165411246981141
1148165411100180540
1148165411041443901
1148165410894663783
1148165410814951444
1148165410689122374
1148165410672361482
1148165410609442906
1148165410584264774
1148165410500399104
1148165410471026709
1148165410127093790
1148165410106126376
1148165410085142559
1148165409724440647
1148165409699287111
1148165409187561503
1148165409019805768
1148165409003012106
1148165408977858560
1148165408952688710
1148165408856219711
1148165408843649104
1148165408810094612
1148165408776519680
1148165408738779157
1148165408738775090
1148165408696836126
1148165408667467796
1148165408638119956
1148165408621346837
1148165408554225664
1148165408545845250
1148165408428396624
1148165408285786172
1148165408122212373
1148165408029941760
1148165407958650940
1148165407941861396
1148165407933464576
1148165407870570606
1148165407811846184
1148165407799259178
1148165407715364925
1148165407673417810
1148165407300124672
1148165407291756655
1148165407086231572
1148165407048482836
1148165406926835772
1148165406834573312
1148165406721318923
1148165406708740158
1148165406662590496
1148165406650019870
1148165406637445130
1148165406624858184
1148165406620651610
1148165406599684136
1148165406595481610
1148165406587109386
1148165406574518303
1148165406553546833
1148165406553546823
1148165406532567101
1148165406528393271
1148165406528385054
1148165406528372736
1148165406469656626
1148165406440304672
1148165406339645491
1148165406335443026
1148165406327054356
1148165406310273145
1148165406306074654
1148165406301884416
1148165406276730900
1148165406251548704
1148165406238986270
1148165406197022730
1148165406129926155
1148165406037655562
1148165406008291408
1148165405991506040
1148165405916020866
1148165405907615745
1148165405903425606
1148165405886652467
1148165405869879316
1148165405790187520
1148165405765029960
1148165405718876171
1148165405702111232
1148165405572071444
1148165405567885366
1148164936359493754
1147855655596736573
1146366518892961792
1144284591297925262
1142300559349653694
1142067521592238202
1142018425028350034
1142018066151129200
1142017938312937596
1142017844746403912
1142017407762825218
1142017171875176476
1115410349517189211
1115412949968887809
1142067452117794897
1115410349546557472
1115410349546557473
1115410349546557474
